#' @export
palettePresets <- list(
  wheel     = c("#d41313","#f7760c","#e3c607","#51a321","#0fbfae","#0f3fa6","#871b53"),
  mclaren       = c("#232526","#fa870c","#00daef"),
  mclaren2       = c("#030506","#fa870c"),
  ferrari   = c("#151515","#f02929"),
  mercedes      = c("#191919","#76dfc6","#d0d0d0"),
  redbull        = c("#ffa800","#141823","#fe0b13"),
  alphatauri        = c("#0b2945","#f5f8ff","#dd1010"),
  RB             = c("#0a06b9","#e7e6eb","#d30303"),
  astonmartin        = c("#02716c","#e7f1f6","#040300"),
  alfaromeo        = c("#3e373e","#eff0f2","#cd0a24"),
  sauber        = c("#111f28","#00d312"),
  alpine        = c("#fbfeff","#ed98dd","#1766e0ff","#000010"),
  williams        = c("#113950","#032cc6","#04367e","#18fbfe")
)
